48
44
41
35
48
44
41
35
48
44
41
35
48
44
41
35
48
44
41
35
48
44
41
35
48
44
41
35
48
44
41
35
48
44
41
35
48
44
41
35
48
44
41
35
48
44
41
35
48
44
41
35
48
44
41
35
48
44
41
35
48
44
41
35
48
44
41
35
48
44
41
35
48
44
41
35
48
44
41
35
48
44
41
35
48
44
41
35
48
44
41
35
48
44
41
35
48
44
41
35
48
44
41
35
48
44
41
35
48
44
41
35
48
44
41
35
48
44
41
35
48
44
41
35
48
44
41
35
48
44
41
35
48
44
41
35
48
44
41
35
48
44
41
35
48
44
41
35
48
44
41
35
48
44
41
35
48
44
41
35
48
44
41
35
48
44
41
35
